m1 = 1.5;
m2 = 1;
l1 = 0.4;
l2 = 0.3;
c1 = 5;
c2 = 5;
c3 = 5;

q_0 = [0;0];
q_dot0 = [0;0];
xi_0 = [0;0];
r_0 = 0;
q_hat0 = [0;0];
x_hat0 = [0;0];